camera_matrix:
- - 506.2500472874073
  - 0.0
  - 430.1447768003608
- - 0.0
  - 506.08515471933214
  - 252.01730803315624
- - 0.0
  - 0.0
  - 1.0
dist_coeffs:
- - -0.09576719580500945
- - 0.3493684771669138
- - -0.0014235961122363947
- - 0.00035511783578997565
- - -0.7476839730505181
