camera_matrix:
- - 454.2986755371094
  - 0.0
  - 328.52581787109375
- - 0.0
  - 454.2986755371094
  - 242.64991760253906
- - 0.0
  - 0.0
  - 1.0
dist_coeffs:
- - 0.040241848677396774
- - -0.06308598816394806
- - -0.0002805724216159433
- - 0.00022244012507144362
- - 0.0
- - 0.0
- - 0.0
- - 0.0
