camera_matrix:
- - 454.2657279389548
  - 0.0
  - 328.34986813271854
- - 0.0
  - 454.18800265060986
  - 243.27459120457394
- - 0.0
  - 0.0
  - 1.0
dist_coeffs:
- - 0.03627570916327015
- - -0.07207961024384009
- - 0.000243089823500238
- - -8.36083629381158e-05
- - -0.0015295119439561965
