camera_matrix:
- - 5027.164813682844
  - 0.0
  - 1613.9494120193601
- - 0.0
  - 5026.82212771025
  - 1064.493936294714
- - 0.0
  - 0.0
  - 1.0
dist_coeffs:
- - -0.14941170925179909
- - 0.06666891999764969
- - 0.0007034919003569225
- - -0.0011723492365792504
- - 2.822943373023043
