camera_matrix:
- - 7770.818497794414
  - 0.0
  - 1575.2249527999452
- - 0.0
  - 7790.442755677845
  - 1253.8907209367746
- - 0.0
  - 0.0
  - 1.0
dist_coeffs:
- - 0.09355825256228957
- - 1.1483812377650837
- - 0.0037716440273561124
- - -0.0049032336382552714
- - -6.820419998717173
