camera_matrix:
- - 1386.4139404296875
  - 0.0
  - 960.0
- - 0.0
  - 1386.4139404296875
  - 540.0
- - 0.0
  - 0.0
  - 1.0
dist_coeffs: []
frame_id: camera_to_color_optical_frame
height: 1080
width: 1920
