camera_matrix:
- - 695.9951171875
  - 0.0
  - 640.0
- - 0.0
  - 695.9951171875
  - 360.0
- - 0.0
  - 0.0
  - 1.0
dist_coeffs: []
