camera_matrix:
- - 477.1220703125
  - 0.0
  - 322.60992431640625
- - 0.0
  - 477.1220703125
  - 198.51634216308594
- - 0.0
  - 0.0
  - 1.0
dist_coeffs:
- - 0.0
- - 0.0
- - 0.0
- - 0.0
- - 0.0
- - 0.0
- - 0.0
- - 0.0
