camera_matrix:
- - 1043.99267578125
  - 0.0
  - 960.0
- - 0.0
  - 1043.99267578125
  - 540.0
- - 0.0
  - 0.0
  - 1.0
dist_coeffs: []
frame_id: camera_to_depth_optical_frame
height: 1080
width: 1920
