camera_matrix:
- - 428.4253234863281
  - 0.0
  - 423.7043151855469
- - 0.0
  - 428.4253234863281
  - 238.84637451171875
- - 0.0
  - 0.0
  - 1.0
dist_coeffs:
- - 0.0
- - 0.0
- - 0.0
- - 0.0
- - 0.0
