camera_matrix:
- - 6370.872434911908
  - 0.0
  - 1608.49056758841
- - 0.0
  - 6374.170909457936
  - 1157.1580913546484
- - 0.0
  - 0.0
  - 1.0
dist_coeffs:
- - -0.05057449451612739
- - 1.3653980980714924
- - 0.0002460044310368489
- - -0.0019199239021053215
- - -11.481327485197646
