camera_matrix:
- - 477.1220703125
  - 0.0
  - 320
- - 0.0
  - 477.1220703125
  - 200
- - 0.0
  - 0.0
  - 1.0
dist_coeffs:
- - 0.0
- - 0.0
- - 0.0
- - 0.0
- - 0.0
- - 0.0
- - 0.0
- - 0.0
frame_id: camera_in_depth_optical_frame
height: 400
width: 640
